# name: debug
# type: sparse matrix
# nnz: 14400
# rows: 120
# columns: 120

1 1 1779.85181
2 1 -718.858703
3 1 -121.045721
4 1 -0.899033029
5 1 -10.1322631
6 1 10.7503383
7 1 -0.0103832441
8 1 0.0159761758
9 1 9.44824231e-05
10 1 9.48467785e-05
11 1 7.39429862e-05
12 1 -0.000207912165
13 1 -0.0117882599
14 1 0.0195384749
15 1 0.000144428743
16 1 0.000159517149
17 1 0.000104330642
18 1 -0.000402392296
19 1 -0.0959315365
20 1 -0.15714988
21 1 0.00116292084
22 1 -0.0058042512
23 1 0.00304569553
24 1 0.0210142111
25 1 -0.09223423
26 1 -0.158534975
27 1 0.00119528502
28 1 -0.00573861059
29 1 0.00298897985
30 1 0.0208059268
31 1 -2.25238532e-06
32 1 9.98813411e-07
33 1 4.66964734e-07
34 1 2.03916535e-09
35 1 2.21495378e-08
36 1 -4.53678409e-09
37 1 -1.80330108e-06
38 1 4.1334814e-07
39 1 2.37205869e-07
40 1 2.11408036e-09
41 1 2.0656406e-08
42 1 -3.20702089e-09
43 1 -9.74104858e-07
44 1 2.72186937e-07
45 1 2.67543981e-07
46 1 1.47567319e-09
47 1 9.39300062e-09
48 1 -2.27076029e-09
49 1 -1.32888891e-06
50 1 5.1758333e-07
51 1 4.118808e-07
52 1 2.52511741e-09
53 1 1.18215796e-08
54 1 -3.70571172e-09
55 1 -1.83498768e-06
56 1 1.41500816e-06
57 1 6.40720205e-07
58 1 5.96859202e-09
59 1 1.44463926e-08
60 1 -8.53330238e-09
61 1 -9.26468851e-07
62 1 3.09747795e-07
63 1 2.54665691e-07
64 1 1.43681988e-09
65 1 8.61546045e-09
66 1 -2.19148337e-09
67 1 -9.65088505e-07
68 1 2.41292773e-07
69 1 2.3586732e-07
70 1 1.3198501e-09
71 1 9.20235726e-09
72 1 -2.21515103e-09
73 1 -1.04919015e-06
74 1 3.37527246e-07
75 1 2.73940502e-07
76 1 1.55607891e-09
77 1 9.3572604e-09
78 1 -2.47372776e-09
79 1 -1.0543928e-06
80 1 3.41645661e-07
81 1 2.76454715e-07
82 1 1.56390128e-09
83 1 9.38941143e-09
84 1 -2.52134224e-09
85 1 -1.05432987e-06
86 1 3.41045521e-07
87 1 2.73715268e-07
88 1 1.56625812e-09
89 1 9.38323169e-09
90 1 -2.52903776e-09
91 1 -1.41220899e-05
92 1 6.16589917e-07
93 1 -1.17890241e-06
94 1 -3.16209499e-08
95 1 2.54198808e-07
96 1 -1.73402673e-07
97 1 -1.40897157e-05
98 1 3.65550825e-07
99 1 -9.08651797e-07
100 1 -3.2252445e-08
101 1 2.55033059e-07
102 1 -1.71681218e-07
103 1 -0.000303650151
104 1 0.000161356078
105 1 2.01092266e-06
106 1 1.97357992e-06
107 1 3.9055507e-06
108 1 -7.96879735e-06
109 1 -0.000310754241
110 1 0.000158438696
111 1 6.49060505e-07
112 1 1.94200818e-06
113 1 4.01464674e-06
114 1 -8.08618039e-06
115 1 -0.000305411215
116 1 0.000159476031
117 1 2.14032877e-06
118 1 1.98983648e-06
119 1 3.93420391e-06
120 1 -8.06853826e-06
1 2 -718.858703
2 2 5160.22952
3 2 -122.583629
4 2 20.8538408
5 2 0.899033059
6 2 -27.4295554
7 2 0.0159738459
8 2 -0.0419617572
9 2 0.000148833758
10 2 -0.000318602875
11 2 -9.45491905e-05
12 2 -5.56961407e-05
13 2 0.0195761241
14 2 -0.0545933986
15 2 0.000214485433
16 2 -0.000514312444
17 2 -0.000159572417
18 2 0.000492875103
19 2 -0.156909262
20 2 -0.415950955
21 2 -0.000102123775
22 2 -0.0130084096
23 2 0.00581291566
24 2 0.0462850173
25 2 -0.158197278
26 2 -0.406470071
27 2 -0.000115054355
28 2 -0.0128237977
29 2 0.0057473038
30 2 0.045627196
31 2 9.6372807e-07
32 2 -8.63283021e-06
33 2 2.26431684e-07
34 2 -3.43330005e-08
35 2 -1.7920464e-09
36 2 2.25394052e-08
37 2 2.68646839e-07
38 2 -2.24186535e-06
39 2 2.51889821e-07
40 2 -2.2909632e-08
41 2 -5.80494043e-10
42 2 2.90956885e-09
43 2 1.82061381e-07
44 2 -1.2911928e-06
45 2 1.79296109e-07
46 2 -1.09331657e-08
47 2 -6.43278275e-10
48 2 3.78959642e-09
49 2 3.85542457e-07
50 2 -2.02998927e-06
51 2 2.65511275e-07
52 2 -1.53232799e-08
53 2 -1.39819133e-09
54 2 7.06934183e-09
55 2 1.18708849e-06
56 2 -4.132546e-06
57 2 3.87782254e-07
58 2 -2.37691495e-08
59 2 -4.28806708e-09
60 2 1.74173671e-08
61 2 2.32076304e-07
62 2 -1.20741465e-06
63 2 1.71247861e-07
64 2 -9.96263508e-09
65 2 -7.30549107e-10
66 2 3.53943601e-09
67 2 1.64973097e-07
68 2 -1.13580014e-06
69 2 1.84423099e-07
70 2 -1.01855665e-08
71 2 -5.93700311e-10
72 2 3.15576609e-09
73 2 2.53847442e-07
74 2 -1.31696235e-06
75 2 2.0401445e-07
76 2 -1.06648881e-08
77 2 -8.12513343e-10
78 2 3.71646979e-09
79 2 2.59168995e-07
80 2 -1.32518769e-06
81 2 2.07665584e-07
82 2 -1.07019099e-08
83 2 -8.29391298e-10
84 2 3.7642339e-09
85 2 2.57883685e-07
86 2 -1.32016935e-06
87 2 2.0925396e-07
88 2 -1.06857851e-08
89 2 -8.22836664e-10
90 2 3.73351608e-09
91 2 -4.54566965e-07
92 2 -2.60713321e-05
93 2 2.33065723e-06
94 2 -2.20362342e-07
95 2 4.57623944e-08
96 2 -1.22874603e-07
97 2 -7.95022199e-07
98 2 -2.87597856e-05
99 2 2.27511616e-06
100 2 -2.28409181e-07
101 2 4.69222246e-08
102 2 -1.09645763e-07
103 2 0.000145014419
104 2 -0.000110420824
105 2 1.08329305e-05
106 2 -1.43171105e-06
107 2 -1.71505418e-06
108 2 3.84685214e-06
109 2 0.000141841112
110 2 -0.000116498949
111 2 1.21422351e-05
112 2 -1.53329171e-06
113 2 -1.67863575e-06
114 2 3.78627814e-06
115 2 0.000143406164
116 2 -0.000100679764
117 2 1.08188819e-05
118 2 -1.43139078e-06
119 2 -1.73083699e-06
120 2 3.89297513e-06
1 3 -121.045721
2 3 -122.583629
3 3 1236.37462
4 3 -2.73927017
5 3 3.15294055
6 3 -3.05487148e-08
7 3 0.000102618708
8 3 0.000129331953
9 3 -0.000778183247
10 3 6.28462954e-06
11 3 -2.50792552e-06
12 3 1.91193312e-08
13 3 0.00016153573
14 3 0.000166403801
15 3 -0.000982143656
16 3 1.07191139e-05
17 3 -1.04932001e-05
18 3 2.71913192e-07
19 3 0.00106750398
20 3 -0.00038525225
21 3 -0.00405269767
22 3 -0.000160256673
23 3 -0.000364584516
24 3 1.50858215e-05
25 3 0.00106893793
26 3 -0.000463654039
27 3 -0.00389620996
28 3 -0.000161079814
29 3 -0.000363161043
30 3 1.90641342e-05
31 3 4.73916222e-07
32 3 1.86824034e-07
33 3 -5.78004283e-07
34 3 1.76155844e-09
35 3 -2.97083082e-09
36 3 5.88559704e-11
37 3 2.5958372e-07
38 3 2.02842023e-07
39 3 -2.18044555e-07
40 3 1.88733689e-09
41 3 -1.51928531e-09
42 3 6.19999492e-11
43 3 2.85301509e-07
44 3 1.39152442e-07
45 3 -1.48759947e-07
46 3 1.3418187e-09
47 3 -2.69936234e-09
48 3 7.42891183e-11
49 3 4.39286191e-07
50 3 1.98114255e-07
51 3 -2.74336638e-07
52 3 1.82653455e-09
53 3 -4.06414605e-09
54 3 1.32902951e-10
55 3 7.00813832e-07
56 3 2.46607715e-07
57 3 -5.77544675e-07
58 3 2.49632114e-09
59 3 -6.23988112e-09
60 3 3.10311476e-10
61 3 2.72376557e-07
62 3 1.29038265e-07
63 3 -1.47175049e-07
64 3 1.19589983e-09
65 3 -2.49302123e-09
66 3 7.87334285e-11
67 3 2.55508505e-07
68 3 1.42877026e-07
69 3 -1.26796683e-07
70 3 1.3455059e-09
71 3 -2.45222037e-09
72 3 8.36269347e-11
73 3 2.97485821e-07
74 3 1.53545687e-07
75 3 -1.60917869e-07
76 3 1.36786677e-09
77 3 -2.65737397e-09
78 3 9.7713904e-11
79 3 2.98396464e-07
80 3 1.53510462e-07
81 3 -1.62824957e-07
82 3 1.37238268e-09
83 3 -2.66500619e-09
84 3 1.03797883e-10
85 3 2.98587997e-07
86 3 1.52691295e-07
87 3 -1.62076492e-07
88 3 1.36851997e-09
89 3 -2.66417981e-09
90 3 1.11752881e-10
91 3 -8.87941667e-07
92 3 1.89858966e-06
93 3 -2.93513271e-06
94 3 6.473394e-08
95 3 2.94043315e-08
96 3 1.60692711e-10
97 3 -6.17796913e-07
98 3 1.75785454e-06
99 3 -3.12290842e-06
100 3 6.39749662e-08
101 3 2.71518164e-08
102 3 2.75180154e-10
103 3 5.73269044e-06
104 3 7.40892401e-06
105 3 -1.91006127e-05
106 3 4.53879852e-07
107 3 -2.58254728e-07
108 3 5.28741909e-08
109 3 4.53675672e-06
110 3 8.57228288e-06
111 3 -2.04751826e-05
112 3 4.83409742e-07
113 3 -2.29833752e-07
114 3 5.36744429e-08
115 3 5.93750529e-06
116 3 7.36182339e-06
117 3 -1.90078303e-05
118 3 4.55838879e-07
119 3 -2.62436054e-07
120 3 5.50859929e-08
1 4 -0.899033029
2 4 20.8538408
3 4 -2.73927017
4 4 493.460167
5 4 0.000179964586
6 4 -0.535755783
7 4 9.46443173e-05
8 4 -0.00031985279
9 4 6.42477986e-06
10 4 -3.46932523e-06
11 4 -7.38100377e-07
12 4 -2.77343818e-06
13 4 0.000160111092
14 4 -0.00051549926
15 4 1.11729528e-05
16 4 -6.43975965e-06
17 4 -1.64388299e-06
18 4 5.36900688e-06
19 4 -0.0057942693
20 4 -0.0130010458
21 4 -0.000151230484
22 4 -0.00044149305
23 4 0.0001845484
24 4 0.00154868599
25 4 -0.00575936647
26 4 -0.0128911893
27 4 -0.00015087642
28 4 -0.000436487975
29 4 0.000182184016
30 4 0.00152948247
31 4 1.84645647e-09
32 4 -3.41048656e-08
33 4 1.90284588e-09
34 4 -3.03413493e-10
35 4 -3.34435705e-12
